   0.0000000e+00   0.0000000e+00   1.0000000e+00   0.0000000e+00   6.1000000e-01
   1.1755952e-01   6.7147093e-04   1.0068035e+00   1.2900814e-02   6.1738581e-01
   2.3511905e-01   6.7147093e-04   1.0068035e+00   1.2900814e-02   6.1738581e-01
   3.5267857e-01   6.7147093e-04   1.0068035e+00   1.2900814e-02   6.1738581e-01
   4.7023809e-01   6.7147093e-04   1.0068035e+00   1.2900814e-02   6.1738581e-01
   5.8779762e-01   6.7147093e-04   1.0068035e+00  -4.9396939e-02   5.6922806e-01
   7.0535714e-01   6.7147093e-04   1.0068035e+00  -3.2586637e-02   5.9310836e-01
   8.2291667e-01   6.7147093e-04   1.0068035e+00  -5.8831961e-02   5.8100304e-01
   9.4047619e-01  -6.5435969e-02   1.0587710e+00  -1.0777663e-01   5.4619837e-01
   1.0580357e+00  -1.5210613e-01   1.1242311e+00  -9.3634631e-02   5.6741037e-01
   1.1755952e+00  -3.1959059e-01   1.2563656e+00  -1.1442883e-01   5.6075617e-01
   1.2931548e+00  -2.8444781e+00   3.5338031e+00  -1.3367676e-01   5.5564824e-01
